Webots Project File version R2021b
perspectives: 000000ff00000000fd00000003000000000000022a000003ccfc0100000002fb0000001e00480074006d006c0052006f0062006f007400570069006e0064006f007700000000000000022a0000000000000000fb0000001a0044006f00630075006d0065006e0074006100740069006f006e0000000000ffffffff000000000000000000000001000003f600000278fc0200000001fb0000001400540065007800740045006400690074006f00720100000016000002780000008900ffffff000000030000073800000152fc0100000002fb0000000e0043006f006e0073006f006c006501000000000000073f0000000000000000fb0000001a0043006f006e0073006f006c00650041006c006c0041006c006c0100000000000007380000006900ffffff000003400000027800000001000000020000000100000008fc00000000
simulationViewPerspectives: 000000ff000000010000000200000114000002270100000002010000000100
sceneTreePerspectives: 000000ff0000000100000002000000c0000000fc0100000002010000000200
maximizedDockId: -1
centralWidgetVisible: 1
orthographicViewHeight: 1
textFiles: 0 "controllers/vision_controller/vision_controller.py"
consoles: Console:All:All
renderingDevicePerspectives: robot_2:camera;1;1.60938;0.0489642;0.0471203
renderingDevicePerspectives: robot_2:display;0;1;0.039548;0.307155
